date,btc-US,btc-CA,btc-AU,btc-GB,btc-FR,btc-IT,btc-ES,btc-DE,btc-AT,btc-CH,btc-CN,btc-HK,btc-SG,btc-RU,btc-IN
2015-08-02,2,2,2,2,2,2,1,2,2,2,5,2,3,3,5
2015-08-09,2,2,2,2,1,2,1,2,2,2,5,2,2,3,5
2015-08-16,2,2,2,3,2,2,1,2,2,2,5,3,2,3,3
2015-08-23,2,3,2,2,2,2,1,2,3,2,4,3,2,4,3
2015-08-30,2,2,2,2,1,2,1,2,2,2,5,2,2,4,4
2015-09-06,2,2,2,2,2,2,1,2,2,2,0,2,2,3,9
2015-09-13,2,2,2,2,1,1,1,1,2,1,0,3,2,4,5
2015-09-20,2,2,2,2,2,2,1,1,1,1,4,2,2,3,7
2015-09-27,1,2,2,2,1,2,1,1,2,1,12,2,1,3,5
2015-10-04,2,2,2,2,2,2,1,2,2,1,10,3,2,3,5
2015-10-11,1,2,2,2,2,2,1,2,2,2,4,3,2,3,4
2015-10-18,1,2,2,2,2,2,1,2,2,2,7,3,2,3,4
2015-10-25,2,2,2,3,2,2,1,2,3,2,5,4,2,4,5
2015-11-01,3,4,3,4,2,3,2,3,5,3,11,6,3,6,5
2015-11-08,2,3,2,3,2,2,1,2,4,2,6,5,2,4,3
2015-11-15,2,2,2,2,1,2,1,2,4,2,6,4,3,4,4
2015-11-22,2,2,2,2,2,2,1,3,3,2,10,4,3,4,3
2015-11-29,2,2,2,2,2,2,1,2,2,2,4,2,2,3,4
2015-12-06,3,4,4,4,3,3,2,3,4,3,4,5,4,5,4
2015-12-13,2,3,2,3,2,2,1,2,4,2,4,5,2,3,4
2015-12-20,2,2,2,3,2,2,1,2,3,2,8,3,3,4,3
2015-12-27,2,2,2,2,2,2,1,2,3,1,7,3,2,4,4
2016-01-03,2,2,2,3,2,2,1,2,2,2,7,4,3,4,3
2016-01-10,2,3,2,3,2,2,1,2,4,2,2,3,3,5,3
2016-01-17,2,3,2,3,2,2,2,2,3,2,5,3,3,4,4
2016-01-24,2,2,2,3,2,2,1,2,3,2,8,2,2,4,3
2016-01-31,2,2,2,3,2,2,1,2,3,2,5,4,3,4,3
2016-02-07,2,2,2,2,2,2,1,2,3,2,11,2,3,4,3
2016-02-14,2,3,2,3,2,2,1,2,3,2,6,4,3,4,3
2016-02-21,2,3,2,3,2,2,1,2,3,2,4,2,2,4,4
2016-02-28,2,2,2,3,2,2,1,2,3,2,5,3,3,4,3
2016-03-06,2,2,2,3,2,2,1,2,3,2,5,4,2,4,3
2016-03-13,2,2,2,3,2,2,1,2,2,2,7,3,2,4,4
2016-03-20,2,2,1,2,2,2,1,2,2,2,8,3,3,4,3
2016-03-27,2,2,1,2,2,2,1,2,3,1,6,2,2,4,3
2016-04-03,2,2,1,2,2,2,1,2,2,2,2,3,2,4,3
2016-04-10,2,2,2,2,2,2,1,2,2,2,6,3,2,3,3
2016-04-17,2,2,1,2,2,2,1,2,3,2,5,3,2,3,3
2016-04-24,2,2,1,3,2,2,1,2,3,2,5,2,3,4,4
2016-05-01,2,3,4,7,3,3,2,3,4,3,5,8,3,5,5
2016-05-08,2,2,2,3,2,3,1,2,3,4,2,3,3,4,4
2016-05-15,2,2,2,3,2,2,1,2,3,2,9,4,2,4,3
2016-05-22,2,2,2,2,2,2,1,2,2,2,4,3,3,4,4
2016-05-29,2,3,2,3,2,2,1,2,3,3,8,4,4,4,5
2016-06-05,2,3,2,3,2,2,1,2,3,2,7,5,4,4,5
2016-06-12,4,4,3,4,3,3,2,3,4,3,11,6,6,6,7
2016-06-19,3,4,3,5,3,3,1,3,4,4,11,6,6,5,9
2016-06-26,3,3,2,4,2,2,1,2,3,2,6,6,4,4,9
2016-07-03,2,3,2,4,2,2,1,2,3,2,11,4,4,5,8
2016-07-10,2,2,2,3,2,2,1,2,2,2,2,6,3,4,7
2016-07-17,2,2,2,2,2,2,1,2,3,1,3,4,3,4,5
2016-07-24,2,2,2,2,1,2,1,2,3,2,7,3,3,4,5
2016-07-31,2,3,3,4,2,3,2,3,4,3,6,6,4,5,7
2016-08-07,2,2,2,2,1,2,1,2,3,2,9,4,2,4,11
2016-08-14,2,2,1,2,2,2,1,2,2,2,8,4,2,5,9
2016-08-21,2,2,1,2,2,2,1,2,2,2,5,1,2,4,11
2016-08-28,2,2,2,2,2,2,1,2,2,2,2,1,3,4,9
2016-09-04,2,2,2,2,1,2,1,2,2,2,8,3,3,4,8
2016-09-11,2,2,2,2,2,2,1,2,2,2,4,3,3,5,8
2016-09-18,2,2,2,2,2,2,1,2,2,2,5,4,2,4,6
2016-09-25,2,2,2,2,1,2,1,1,2,2,6,5,2,4,4
2016-10-02,2,2,2,2,2,2,1,2,2,2,5,5,3,4,4
2016-10-09,2,2,1,3,2,3,1,2,2,3,9,2,2,4,4
2016-10-16,2,2,2,2,2,2,1,2,2,2,3,4,2,4,4
2016-10-23,2,3,2,3,2,3,1,2,3,3,8,5,2,4,6
2016-10-30,2,3,2,3,2,2,1,2,3,3,10,6,4,4,6
2016-11-06,2,2,2,3,2,2,1,2,3,2,11,7,3,4,7
2016-11-13,2,3,2,3,2,3,1,2,3,3,8,5,3,5,6
2016-11-20,2,2,2,3,2,3,1,2,4,3,12,5,3,4,6
2016-11-27,2,3,2,3,2,3,1,2,3,3,7,4,4,4,6
2016-12-04,2,3,2,3,2,3,1,2,3,2,12,4,2,4,5
2016-12-11,2,2,2,3,2,3,1,2,4,3,8,3,3,4,5
2016-12-18,3,3,3,4,2,3,2,2,5,3,14,7,4,5,6
2016-12-25,3,4,3,4,3,4,2,3,6,5,11,5,5,5,6
2017-01-01,5,7,5,7,5,5,3,6,9,7,32,10,8,6,10
2017-01-08,3,4,4,5,3,4,2,6,8,5,14,12,7,7,8
2017-01-15,3,4,3,4,3,3,2,3,6,3,12,3,4,6,7
2017-01-22,3,3,3,4,3,3,2,3,5,3,7,7,4,6,7
2017-01-29,3,4,2,4,2,3,2,3,5,3,16,5,3,6,8
2017-02-05,3,4,3,4,3,3,2,3,6,3,12,6,6,5,8
2017-02-12,3,4,2,4,3,3,1,3,5,3,6,4,4,6,7
2017-02-19,3,4,3,5,3,4,2,3,6,4,10,6,5,6,9
2017-02-26,4,5,4,6,3,4,2,4,9,5,8,7,5,7,12
2017-03-05,4,6,4,6,4,5,3,6,12,6,11,6,6,6,11
2017-03-12,4,5,3,5,3,4,2,4,8,4,10,6,5,7,11
2017-03-19,3,5,3,5,3,4,2,5,8,5,15,5,4,6,12
2017-03-26,3,4,3,4,3,3,2,3,7,4,10,3,5,6,10
2017-04-02,3,4,3,4,3,4,2,3,5,3,19,5,4,6,10
2017-04-09,3,4,3,4,3,3,1,3,5,3,7,5,4,6,9
2017-04-16,3,4,4,4,2,3,2,4,6,4,4,5,4,7,9
2017-04-23,3,5,4,5,3,3,2,3,5,4,8,4,4,6,9
2017-04-30,5,6,6,6,4,4,2,5,9,6,13,11,7,8,12
2017-05-07,6,9,7,10,5,7,5,7,13,7,28,16,9,10,16
2017-05-14,6,10,8,10,6,8,6,7,10,9,48,31,14,11,23
2017-05-21,14,19,18,17,8,10,7,13,24,15,36,37,19,18,28
2017-05-28,9,12,13,11,6,7,4,8,15,10,26,27,13,14,18
2017-06-04,9,13,11,11,5,7,5,9,18,10,27,23,15,17,17
2017-06-11,9,13,12,12,6,7,6,10,17,12,36,22,15,20,18
2017-06-18,7,10,9,10,5,5,4,8,15,8,21,23,11,25,15
2017-06-25,7,9,10,10,5,7,6,9,15,10,22,19,13,28,15
2017-07-02,5,8,8,8,5,7,5,8,14,9,15,15,10,20,13
2017-07-09,6,9,8,9,6,7,6,8,17,9,13,18,13,19,15
2017-07-16,7,10,10,11,6,7,5,9,17,11,22,22,13,22,18
2017-07-23,7,9,9,10,5,8,5,8,15,10,19,16,13,23,16
2017-07-30,9,11,12,13,7,11,6,11,22,14,20,24,16,21,17
2017-08-06,9,12,14,15,7,11,6,10,20,12,21,22,15,21,21
2017-08-13,13,18,19,18,9,14,8,15,26,21,30,35,21,31,27
2017-08-20,10,14,15,14,8,12,6,12,22,15,24,29,16,20,25
2017-08-27,10,14,17,16,8,13,7,15,24,16,28,28,20,25,33
2017-09-03,10,15,19,17,7,17,7,16,26,19,47,41,23,24,31
2017-09-10,13,17,20,20,9,18,9,17,31,21,60,51,29,25,39
2017-09-17,9,12,15,14,7,15,6,12,22,16,21,29,21,18,27
2017-09-24,8,10,12,12,6,13,5,9,17,12,23,19,15,16,22
2017-10-01,7,10,12,12,5,13,4,10,16,12,30,19,13,16,22
2017-10-08,12,16,20,20,15,17,7,15,23,22,26,30,20,23,27
2017-10-15,12,17,22,21,14,19,6,16,27,19,29,31,22,21,28
2017-10-22,12,16,24,20,13,19,8,18,28,22,21,20,23,23,29
2017-10-29,18,25,32,29,15,24,9,21,36,28,30,39,29,28,38
2017-11-05,18,26,34,30,15,26,10,24,38,33,25,32,34,28,33
2017-11-12,20,29,37,30,15,24,11,23,38,31,35,46,36,33,34
2017-11-19,18,25,34,29,14,22,10,22,41,28,22,36,32,29,34
2017-11-26,50,59,72,67,32,43,18,44,77,72,75,80,69,72,84
2017-12-03,74,100,100,100,42,55,27,59,92,89,75,96,93,93,98
2017-12-10,68,91,95,85,39,73,33,55,83,82,85,100,84,82,98
2017-12-17,75,97,97,96,52,63,31,71,100,100,100,96,100,100,100
2017-12-24,46,63,66,58,38,48,23,46,79,63,76,73,63,69,76
2017-12-31,35,50,53,47,27,34,18,33,56,45,60,56,50,42,53
2018-01-07,33,47,53,47,29,35,19,32,50,47,67,68,49,43,46
2018-01-14,42,61,63,56,30,38,21,41,71,59,96,80,64,58,58
2018-01-21,27,38,39,38,20,25,16,28,46,37,51,48,43,39,38
2018-01-28,29,41,41,38,21,26,16,29,50,41,39,54,45,39,41
2018-02-04,34,50,50,49,25,31,17,34,63,54,82,73,56,55,44
2018-02-11,19,26,28,30,14,28,11,20,41,27,40,34,30,31,28
2018-02-18,16,23,26,24,13,21,9,17,31,23,57,38,26,27,26
2018-02-25,13,20,20,18,12,15,8,14,21,18,55,24,22,24,20
2018-03-04,13,19,19,19,10,13,7,15,23,18,44,26,21,23,19
2018-03-11,14,19,17,18,10,13,8,13,22,19,39,24,22,22,19
2018-03-18,13,18,17,17,10,13,7,13,19,16,36,27,21,21,18
2018-03-25,12,17,15,17,10,19,7,12,19,16,29,22,18,21,16
2018-04-01,12,17,16,18,9,13,6,12,19,14,34,23,19,20,21
2018-04-08,11,16,14,16,9,11,6,11,18,13,20,21,16,23,17
2018-04-15,10,13,12,14,8,12,6,10,16,14,19,21,14,20,14
2018-04-22,10,14,14,15,8,11,6,10,16,12,28,22,16,19,14
2018-04-29,9,12,11,13,8,9,5,10,16,11,25,13,13,16,13
2018-05-06,9,12,12,13,7,9,5,10,15,14,26,22,13,17,12
2018-05-13,8,10,11,11,6,9,4,9,14,11,19,17,13,15,10
2018-05-20,8,10,11,11,8,8,5,9,13,12,25,15,11,15,10
2018-05-27,7,9,10,10,6,7,4,8,12,10,15,14,11,14,9
2018-06-03,6,8,9,10,5,7,3,7,10,10,18,12,10,13,9
2018-06-10,10,12,10,12,7,8,5,9,14,13,33,18,14,16,10
2018-06-17,8,10,10,10,5,7,5,7,12,9,19,15,11,13,10
2018-06-24,8,11,10,11,5,7,4,8,11,10,23,17,10,14,10
2018-07-01,7,9,9,10,5,6,4,7,11,9,20,14,11,12,10
2018-07-08,7,8,8,9,4,6,3,7,10,9,18,11,11,12,8
2018-07-15,8,10,9,12,6,7,5,9,14,11,19,16,12,16,9
2018-07-22,9,12,10,13,7,8,5,10,13,11,23,19,13,17,10
2018-07-29,7,10,8,11,6,6,5,8,13,9,21,14,11,15,9
2018-08-05,8,10,10,12,7,8,4,9,13,11,21,15,11,16,9
2018-08-12,8,10,9,12,6,8,5,8,12,11,27,17,11,14,9
2018-08-19,7,9,8,10,7,7,4,7,11,8,15,13,9,14,8
2018-08-26,7,9,7,10,5,7,4,8,10,9,23,15,10,14,9
2018-09-02,7,10,9,12,6,9,4,9,13,12,22,13,10,15,10
2018-09-09,6,9,8,11,6,8,4,8,13,9,15,14,10,13,10
2018-09-16,6,8,7,10,5,8,4,8,12,8,12,12,10,12,9
2018-09-23,5,8,7,9,5,7,4,7,11,7,11,10,8,11,9
2018-09-30,5,6,6,9,4,7,3,6,10,6,8,9,9,10,10
2018-10-07,5,7,7,10,5,6,4,7,9,8,15,11,8,10,10
2018-10-14,5,6,7,9,4,7,3,7,10,9,14,9,9,11,10
2018-10-21,5,6,6,9,4,6,3,7,9,7,18,14,7,9,9
2018-10-28,5,6,6,9,5,6,3,7,9,8,13,9,7,10,7
2018-11-04,4,6,7,10,4,8,3,7,10,8,15,9,8,11,7
2018-11-11,6,9,8,11,5,9,4,10,14,12,14,14,9,14,8
2018-11-18,9,12,12,14,9,12,6,13,21,19,26,27,14,19,10
2018-11-25,10,13,12,15,8,12,7,15,22,19,27,23,17,19,11
2018-12-02,8,10,9,12,7,11,6,11,17,13,24,18,13,17,9
2018-12-09,8,10,9,11,7,9,5,10,16,13,15,14,14,14,9
2018-12-16,8,11,9,12,7,9,5,11,19,14,19,27,13,16,9
2018-12-23,7,9,8,10,7,9,5,10,17,12,16,12,11,15,8
2018-12-30,5,8,7,9,6,9,5,8,11,10,15,8,7,13,7
2019-01-06,5,8,6,10,6,9,5,9,13,11,15,9,9,14,8
2019-01-13,5,6,6,9,5,11,4,8,13,9,13,7,7,11,6
2019-01-20,4,5,6,8,5,7,5,7,12,7,16,8,6,11,6
2019-01-27,4,6,6,8,7,7,4,8,10,8,8,9,7,11,6
2019-02-03,5,9,6,8,7,8,4,8,11,8,20,10,8,10,6
2019-02-10,4,7,6,7,6,8,4,7,11,8,13,8,8,10,6
2019-02-17,5,7,7,9,6,9,4,8,11,9,15,7,8,12,7
2019-02-24,5,7,6,8,5,7,4,8,11,9,12,9,8,11,6
2019-03-03,4,6,5,7,4,8,3,6,10,8,9,7,6,10,6
2019-03-10,4,6,5,7,5,8,4,6,10,7,6,6,6,10,5
2019-03-17,4,6,5,7,4,8,4,6,9,8,11,6,8,9,6
2019-03-24,4,6,5,7,4,8,4,7,10,9,11,7,7,10,5
2019-03-31,8,10,10,12,8,12,6,12,17,17,20,17,11,16,8
2019-04-07,6,9,8,10,6,10,5,10,15,13,17,12,8,15,7
2019-04-14,6,8,7,8,6,9,4,9,14,12,10,10,7,11,6
2019-04-21,6,8,8,9,6,10,5,10,17,13,12,11,8,12,7
2019-04-28,5,7,7,8,6,11,5,9,11,11,20,7,8,12,7
2019-05-05,8,10,10,11,8,12,7,12,18,17,16,12,10,15,9
2019-05-12,13,17,18,18,12,16,10,20,28,29,28,24,20,26,14
2019-05-19,10,11,12,13,8,12,7,13,18,17,24,13,15,18,9
2019-05-26,10,12,13,14,9,13,8,15,21,19,24,15,13,20,11
2019-06-02,8,10,10,12,7,12,7,13,19,17,15,14,13,17,9
2019-06-09,7,9,9,11,7,11,6,12,16,14,18,14,11,16,8
2019-06-16,12,14,15,16,11,17,9,17,23,22,28,19,15,23,10
2019-06-23,20,23,24,26,16,23,13,26,40,33,37,30,26,35,16
2019-06-30,12,14,16,17,11,16,9,18,26,22,24,15,18,25,11
2019-07-07,11,14,14,15,9,15,9,17,24,23,25,20,14,23,11
2019-07-14,11,13,13,15,11,15,9,17,24,21,33,17,16,22,11
2019-07-21,8,10,11,11,7,13,7,13,18,18,17,12,13,20,10
2019-07-28,7,10,10,11,8,12,7,12,16,14,15,13,12,18,8
2019-08-04,9,11,13,13,9,15,9,15,21,19,18,17,14,20,10
2019-08-11,8,10,10,12,8,13,9,13,18,16,16,15,12,17,8
2019-08-18,7,9,9,10,8,13,8,13,18,14,17,12,11,16,8
2019-08-25,36,34,19,35,33,38,35,35,39,16,14,19,25,32,20
2019-09-01,100,96,46,88,100,100,100,100,96,26,21,43,59,78,60
2019-09-08,61,35,22,36,36,39,36,40,39,28,18,39,29,49,33
2019-09-15,54,31,18,32,29,34,30,34,35,22,13,31,30,45,34
2019-09-22,28,22,15,24,23,28,24,27,31,21,21,29,25,32,27
2019-09-29,6,8,7,9,7,10,7,11,14,13,18,12,9,15,7
2019-10-06,6,7,7,8,7,10,7,10,12,11,11,10,7,13,6
2019-10-13,5,6,6,9,6,11,6,10,13,11,17,10,10,12,6
2019-10-20,7,9,8,10,8,10,7,12,15,13,23,15,11,15,6
2019-10-27,6,8,8,9,8,11,7,13,17,15,23,15,12,15,7
2019-11-03,5,8,7,8,6,9,6,11,15,12,19,11,7,13,6
2019-11-10,5,7,7,8,6,10,5,11,13,10,20,10,7,12,6
2019-11-17,6,8,7,9,8,10,7,12,15,13,17,11,9,13,7
2019-11-24,6,8,8,9,8,10,7,13,16,15,23,16,9,15,7
2019-12-01,5,7,7,8,6,9,6,10,14,12,14,11,7,13,6
2019-12-08,5,7,7,8,6,8,6,10,12,11,13,9,9,12,6
2019-12-15,5,8,7,9,7,9,6,12,16,13,19,11,9,13,6
2019-12-22,5,7,6,8,7,9,6,11,14,11,13,10,8,12,5
2019-12-29,5,7,5,7,7,9,6,10,14,13,14,11,6,12,6
2020-01-05,6,8,8,11,8,10,8,14,18,16,12,11,9,16,7
2020-01-12,6,9,9,11,8,12,8,14,18,17,19,11,11,16,7
2020-01-19,6,8,7,9,7,10,7,13,17,16,17,10,8,13,7
2020-01-26,6,9,8,10,9,11,8,13,18,17,14,11,9,14,7
2020-02-02,6,9,9,11,9,11,8,13,18,18,17,11,9,15,7
2020-02-09,8,10,10,12,11,13,10,16,22,21,26,12,11,15,9
2020-02-16,6,9,9,10,9,12,9,14,18,16,20,14,9,14,8
2020-02-23,7,10,9,11,10,11,9,14,19,17,13,12,11,14,7
2020-03-01,6,8,8,10,8,11,8,13,17,16,14,10,9,13,11
2020-03-08,11,17,15,18,22,16,15,23,40,32,44,26,20,28,15
2020-03-15,11,16,16,18,23,17,16,28,42,32,30,24,16,29,15
2020-03-22,8,12,11,13,16,15,12,20,31,26,24,16,12,20,12
2020-03-29,7,10,9,13,14,13,11,17,26,21,19,10,9,17,10
2020-04-05,7,10,10,13,13,13,12,17,26,22,15,10,8,14,10
2020-04-12,7,10,9,13,11,12,10,15,22,20,15,13,10,14,10
2020-04-19,7,10,8,12,12,13,10,15,20,20,21,13,10,13,10
2020-04-26,9,13,11,17,14,16,14,19,26,25,24,15,15,17,12
2020-05-03,10,14,14,19,16,18,14,22,32,31,18,17,14,19,13
2020-05-10,12,18,17,23,19,20,17,27,38,38,22,18,21,20,14
2020-05-17,8,12,11,16,12,14,12,17,23,23,19,12,13,17,12
2020-05-24,7,10,10,14,10,12,11,15,20,19,20,10,12,15,10
2020-05-31,7,10,10,13,9,13,11,14,20,22,20,11,12,14,13
2020-06-07,7,9,9,11,9,12,10,12,17,18,13,9,11,13,11
2020-06-14,6,8,7,10,8,10,9,11,15,16,15,12,10,11,8
2020-06-21,6,8,7,10,7,10,9,11,14,15,17,10,9,10,9
2020-06-28,6,8,7,11,7,9,9,10,14,12,12,10,8,10,9
